Texture		Texture/tilemap.bmp
TileWidth	32
TileMaxX	20
TileMaxY	24
TileNumX	64
TileNumY	64
   18   18   18   18   18   18   18   18   18   18   18   18   18   18   18   18   18   18   18   18   18   18   18   18   18   18   18   18   18   18   18   18   18   18   18   18   18   18   18   18   18   18   18   18   18   18   18   18   18   18   18   18   18   18   18   18   18   18   18   18   18   18   18   18
   18    0    0    0    0    0    0    0    0    0    0    0    0    0    0    0    0    0    0    0    0    0    0    0    0    0    0    0    0    0    0    0    0    0    0    0    0    0    0    0    0    0    0    0    0    0    0    0    0    0    0    0    0    0    0    0    0    0    0    0    0    0    0   18
   18    0    0    0    0    0    0    0    0    0    0    0    0    0    0    0    0    0    0    0    0    0    0    0    0    0    0    0    0    0    0    0    0    0    0    0    0    0    0    0    0    0    0    0    0    0    0    0    0    0    0    0    0    0    0    0    0    0    0    0    0    0    0   18
   18    0    0    0    0    0    0    0    0    0    0    0    0    0    0    0    0    0    0    0    0    0    0    0    0    0    0    0    0    0    0    0    0    0    0    0    0    0    0    0    0    0    0    0    0    0    0    0    0    0    0    0    0    0    0    0    0    0    0    0    0    0    0   18
   18    0    0    0    0    0    0    0    0    0    0    0    0    0    0    0    0    0    0    0    0    0    0    0    0    0    0    0    0    0    0    0    0    0    0    0    0    0    0    0    0    0    0    0    0    0    0    0    0    0    0    0    0    0    0    0    0    0    0    0    0    0    0   18
   18    0    0    0    0    0    0    0    0    0    0    0    0    0    0    0    0    0    0    0    0    0    0    0    0    0    0    0    0    0    0    0    0    0    0    0    0    0    0    0    0    0    0    0    0    0    0    0    0    0    0    0    0    0   58   58   58   58   58    0    0    0    0   18
   18    0    0    0    0    0    0    0    0    0    0    0    0    0    0    0   95  195  196  196  196  196  196  197    0    0    0    0    0    0    0    0    0    0    0    0    0    0    0    0    0    0    0    0    0    0    0    0    0    0    0    0    0    0   58    0    0    0    0    0    0    0    0   18
   18    0    0    0    0    0    0  195  196  196  196  196  196  197   95    0   95  214  216  216  216  216  216  232  197    0    0  195  196  196  196  196  196  196  197    0    0    0    0    0    0    0    0    0    0    0    0    0    0    0    0   58    0    0    0    0    0    0    0    0    0    0    0   18
   18    0    0    0    0    0    0  215  153  153  153  153  153  217   26    0   26  214  216  216  216  216  216  216  217    0    0  215  153  153  153  153  153  216  217    0    0    0    0    0    0    0    0    0    0    0    0    0    0    0    0   58    0    0    0    0    0    0    0    0    0    0    0   18
   18    0    0    0    0    0    0  215  216  216  216  216  216  217   26   26   26  235  193  193  194  216  216  216  217    0    0  215  216  216  216  216  216  216  217    0    0    0    0    0    0    0    0    0    0    0    0    0    0    0    0   58    0    0    0    0    0    0    0    0    0    0    0   18
   18    0    0    0    0    0    0  215  216  216  216  216  216  232  233  233  197  213    0    0  214  216  216  216  217    0    0  215  216  216  216  216  216  216  217    0    0    0    0    0    0   58    0    0    0    0    0    0    0    0    0   58    0    0    0    0    0    0    0    0    0    0    0   18
   18    0    0    0    0    0    0  215  216  216  216  216  216   17   17   17  217   26    0    0  214  216  216  216  232  196  196  234  216  216  216  216  216  216  217    0    0    0    0    0    0   58    0    0    0    0    0    0    0    0    0   58    0    0    0    0    0    0    0    0    0    0    0   18
   18    0    0    0    0    0    0  215  216  216  216  216  216   17   17   17  232  233  233  233  234  216   17  216  216  216  216  216  216  216  216  216  216  192  237    0    0    0    0    0    0   58    0    0    0    0    0    0    0    0    0   58    0    0    0    0    0    0    0    0    0    0    0   18
   18    0    0    0    0    0    0  215  216  216  216  216  216   17   17   17   17   17   17   17   17  216   17  216  216  216  216  216  216  216  216  216  216  217  213    0    0    0    0    0    0    0   58   58    0    0    0    0    0    0    0   58    0    0    0    0    0    0    0    0    0    0    0   18
   18    0    0    0    0    0    0  215  216  216  216  216  216   17   17   17   17   17   17   17   17   17   17  216  192  236  236  194  216  216  216  216  216  217    0    0    0    0    0    0    0    0    0   58    0    0    0    0    0    0    0    0    0    0    0    0    0    0    0    0    0    0    0   18
   18    0    0    0    0    0    0  215  216  216  216  216  216   17   17   17   17   17   57   57   17   17   17  216  217    0    0  214  216  216  216  216  216  217    0    0    0    0    0    0    0    0    0    0    0   58    0    0    0    0    0    0    0    0    0    0    0    0    0    0    0    0    0   18
   18    0    0    0    0    0    0  235  193  193  193  194  216  216  216  216  216  216  216  216  216   17  216  216  217    0    0  214  216  216  216  216  216  217    0    0    0    0    0    0    0    0    0    0    0   58    0    0    0    0    0    0    0    0    0    0    0    0    0    0    0    0    0   18
   18    0    0    0    0    0    0    0    0    0  213  214  216  216  216  216  216  216  216  216  216  216  216  216  217    0    0  235  193  193  193  193  193  237    0    0    0    0    0    0    0    0    0    0    0   58    0    0    0    0    0    0    0    0    0    0    0    0    0    0    0    0    0   18
   18    0    0    0    0    0    0    0    0    0  213  214  216  216  216  216  216  216  216  216  216  216  216  216  217    0    0    0    0    0    0  179  178    0    0    0    0    0    0    0    0    0    0    0    0   58    0    0    0    0    0    0    0    0    0    0    0    0    0    0    0    0    0   18
   18    0    0    0    0    0    0    0    0    0    0  214  216  216  216  216  216  216  216  216  216  216  216  216  217    0    0    0    0    0    0  179  178    0    0    0    0    0    0    0    0    0    0    0    0   58    0    0    0    0    0    0    0    0    0    0    0    0    0    0    0    0    0   18
   18    0    0    0    0    0    0    0    0    0    0  215   37   37   37   37   37   37   37   37   37   37   37   37  237    0    0    0    0    0    0  179  178    0    0    0    0    0    0    0    0    0    0    0   58   58    0    0    0    0   58   58   58   58   58   58   58   58    0    0    0    0    0   18
   18    0    0    0    0    0    0    0    0    0    0  215   37   37   37   37   37   37   37   37   37   37   37   37    0    0    0    0    0    0    0  179  199  199  199  199  219    0    0    0    0    0    0    0   58    0    0    0    0    0    0    0    0    0    0    0    0    0    0    0    0    0    0   18
   18    0    0    0    0    0    0    0    0    0    0  215   37   37   37   37   37   37   37   37   37   37   37    0    0    0    0    0    0    0  276  248  249  249  249  249  239    0    0    0    0    0    0   58   58    0    0    0    0    0    0    0    0    0    0    0    0    0    0    0    0    0    0   18
   18    0    0    0    0    0    0    0    0    0    0  215   37   37   37   37   37   37   37   37   37   37    0    0    0  198  219    0    0    0  213  213  213  213    0  179  239    0    0    0    0    0    0   58    0    0    0    0    0    0    0    0    0    0    0    0    0    0    0    0    0    0    0   18
   18    0    0    0    0  375  376  376  376  376  377  215   37  198  199  199  199  199  199  199  199  219    0    0    0  179  178    0    0    0    0  213  213    0    0  179  239    0    0    0    0    0    0   58    0    0    0    0    0    0    0    0    0    0    0    0    0    0    0    0    0    0    0   18
   18    0    0    0    0  395  396  396  396  396  397  215   37  238  101  102  100  246  102  100  101  239    0    0    0  179  178    0    0    0    0    0    0    0    0  179  239    0    0    0    0    0    0   58    0    0    0    0    0    0    0    0    0    0    0    0    0    0    0    0    0    0    0   18
   18    0    0    0    0  395  396  396  396  396  397  215   37  238   81   82   80   81   82   80   81  239    0    0    0  179  178    0    0    0    0    0    0    0    0  179  239    0    0    0    0    0    0    0    0    0    0   58   58   58   58   58   58   58   58   58    0    0    0    0    0    0    0   18
   18    0    0    0    0  395  396  396  396  396  397  215   37  238  101  102  100  101  102  100  101  239    0    0    0  179  178    0    0    0    0    0    0    0    0  179  239    0    0    0    0    0    0    0    0    0    0    0    0    0    0    0    0    0    0    0    0    0    0    0    0    0    0   18
   18    0    0    0    0  395  396  396  396  396  397  215   37  238   81   82   80   81   82   80   81  239    0    0    0  179  138  199  199  199  199  199  199  199  199  179  239    0    0    0    0    0    0    0    0    0    0    0    0    0    0    0    0    0    0    0    0    0    0    0    0    0    0   18
   18    0    0    0    0  395  396  396  396  396  397  215   37  179  246  246  246  246  246  246  246  247    0    0    0  179  159  249  249  249  249  249  249  249  249  249  239    0    0    0    0    0    0    0    0    0    0    0    0    0    0    0    0    0    0    0    0    0    0    0    0    0    0   18
   18    0    0    0    0  415  416  416  416  416  417  235  236  179  158    0    0    0    0    0    0    0    0    0    0  179  178    0    0    0    0    0    0    0    0    0    0    0    0    0    0    0    0    0    0    0    0    0    0    0    0    0    0    0    0    0    0    0    0    0    0    0    0   18
   18    0    0    0    0    0    0    0    0    0    0    0    0  179  158    0    0    0    0    0    0    0    0    0    0  179  178    0    0    0    0    0    0   95    0    0   26    0    0    0    0    0    0    0    0    0    0    0    0    0    0    0    0    0    0    0    0    0    0    0    0    0    0   18
   18    0    0    0    0    0    0    0    0    0    0    0    0  179  158    0    0    0    0    0    0    0    0    0    0  179  178  213  213  213    0    0    0    0    0    0   26    0    0    0    0    0    0    0    0    0    0    0    0    0    0    0    0    0    0    0    0    0    0    0    0    0    0   18
   18    0    0    0    0    0    0    0  198   81   81  199  199  268  267  199  199   81   81   81   81   81   81   81   81  179  138  199  199  199  199  199  199  199  199  199  199  199  219    0    0    0    0    0    0    0    0    0    0    0    0    0    0    0    0    0    0    0    0    0    0    0    0   18
   18    0    0    0    0    0    0    0  179  178  249  249  249  249  249  249  249  249  249  249  249  249  249  249  249  249  249  249  249  249  249  249  249  249  249  249  249  249  247    0    0    0    0    0    0    0    0    0    0    0    0    0    0    0    0    0    0    0    0    0    0    0    0   18
   18    0    0    0    0    0    0    0  238  239    0    0    0    0    0    0    0    0    0    0    0    0    0    0    0    0    0    0    0    0    0    0    0    0    0    0    0    0    0    0    0    0    0    0    0    0    0    0    0    0    0    0    0    0    0    0    0    0    0    0    0    0    0   18
   18    0    0    0    0    0    0    0  238  239    0    0    0    0    0    0    0    0    0    0    0    0    0    0    0    0    0    0    0    0    0    0    0    0    0    0    0    0    0    0    0    0    0    0    0    0    0    0    0    0    0    0    0    0    0    0    0    0    0    0    0    0    0   18
   18    0    0    0    0    0    0    0  238  239    0    0    0    0    0    0    0    0    0    0    0    0    0    0    0    0    0    0    0    0    0    0    0    0    0    0    0    0    0    0    0    0    0    0    0    0    0    0    0    0    0    0    0    0    0    0    0    0    0    0    0    0    0   18
   18    0    0    0    0    0    0    0  238  239  199  199  199  199  199  199  199  199  199  199  199  199  219    0    0    0    0    0    0    0    0    0    0    0    0    0    0    0    0    0    0    0    0    0    0    0    0    0    0    0    0    0    0    0    0    0    0    0    0    0    0    0    0   18
   18    0    0    0    0    0    0    0  248  246  246  246  246  246  246  246  246  246  246  246  246  246  247    0    0    0    0    0    0    0    0    0    0    0    0    0    0    0    0    0    0    0    0    0    0    0    0    0    0    0    0    0    0    0    0    0    0    0    0    0    0    0    0   18
   18    0    0    0    0    0    0    0   58    0    0    0    0    0    0   58   58   58   58   58   58   58   58    0    0    0    0    0    0    0    0    0    0    0    0    0    0    0    0    0    0    0    0    0    0    0    0    0    0    0    0    0    0    0    0    0   58    0    0    0    0    0    0   18
   18    0    0    0    0    0    0    0   58    0    0    0    0    0    0   58   58   18   18   18   18   58   58    0    0    0    0    0    0    0    0    0    0    0    0    0    0    0    0    0    0    0    0    0    0    0    0    0    0    0    0    0    0    0    0    0   58    0    0    0    0    0    0   18
   18    0    0    0    0    0    0    0   58    0    0    0    0    0    0   58   58   58   58   58   58   58   58    0    0    0    0    0    0    0    0    0    0    0    0    0    0    0    0    0    8    9    9    9   10    0    0    0    0    0    0    0    0    0    0    0   58    0    0    0    0    0    0   18
   18    0    0    0    0    0    0    0   58    0    0    0    0    0    0    0    0    0    0    0   58   58   58    0    0    0    0    0    0    0    0    0    0    0    0    0    0    0    0    0   28   29   29   29   30    0    0    0    0    0    0    0    0    0    0    0   58    0    0    0    0    0    0   18
   18    0    0    0    0    0    0    0   58    0    0    0    0    0    0    0    0    0    0    0    0    0    0    0    0    0    0    0    0    0    0    0    0    0    8    9    9    9    9    9   47   29   20   29   30    0    0    0    0    0    0    0    0    0    0    0   58    0    0    0    0    0    0   18
   18    0    0    0    0    0    0    0    0    0    0    0    0    0    0    0    0    0    0    0    0    0    0    0    0    0    0    0    0    0    0    0    0    0   28   29   29   29   29   29   29   29   29   21   30    0    0    0    0    0    0    0    0    0    0    0   58    0    0    0    0    0    0   18
   18    0    0    0    0    0    0    0    0    0    0    0    0    0    0    0    0    0    0    0    0    0    0    0    0    0    0    0    0    0    0    0    0    0   28   29   29   20   29   22   29   22   29   29   30    0    0    0    0    0    0    0    0    0    0    0   58    0    0    0    0    0    0   18
   18    0    0    0    0    0    0    0    0    0    0    0    0    0    0    0    0    0    0    0    0    0    0    0    0    0    0    0    0    0    0    0    0    0   28   29   29   20   29   29   29   20   20   29   30    0    0    0    0    0    0    0    0    0    0    0    0    0    0    0    0    0    0   18
   18    0    0    0    0    0    0    0    0    0    0    0    0    0    0    0    0    0    0    0    0    0    0    0    0    0    0    0    0    0    0    0    0    0   48   49   49   49   49   49   49   49   49   49   50    0    0    0    0    0    0    0    0    0    0    0    0    0    0    0    0    0    0   18
   18    0    0    0    0    0    0    0   58    0    0    0    0    0    0    0    0    0    0    0    0    0    0    0    0    0    0    0    0    0    0    0    0    0    0    0    0    0   58   58    0    0    0    0    0    0    0    0    0    0    0    0    0    0    0    0    0    0    0    0    0    0    0   18
   18    0    0    0    0    0    0    0   58    0    0    0    0    0    0   58    0    0    0    0    0    0    0    0    0    0    0    0    0    0    0    0    0    0    0    0    0    0    0   58    0    0    0    0    0    0    0    0    0    0    0    0    0    0    0    0    0    0    0    0    0    0    0   18
   18    0    0    0    0    0    0    0   58    0    0    0    0    0    0   58    0    0    0    0    0    0    0    0    0    0    0    0    0    0    0    0    0    0    0    0    0    0    0   58   58   58   58   58   58   58   58    0    0    0    0    0    0    0    0    0    0    0    0    0    0    0    0   18
   18    0    0    0    0    0    0    0   58    0    0    0    0    0    0   58   58   58   58   58   58   58   58   58    0    0    0    0    0    0    0    0    0    0    0    0    0    0    0   58    0    0    0    0    0    0   58   58   58   58   58   58   58   58   58   58   58   58    0    0    0    0    0   18
   18    0    0    0    0    0    0    0   58    0    0    0    0    0    0    0    0    0    0    0    0    0   58   58   58   58   58   58   58   58   58   58    0    0    0    0    0    0    0   58    0    0    0    0    0    0    0    0    0    0    0    0    0    0    0    0    0    0    0    0    0    0    0   18
   18    0    0    0    0    0    0    0   58    0    0    0    0    0    0    0    0    0    0    0    0    0    0    0    0    0    0    0    0    0    0    0    0    0    0    0    0    0   58   58    0    0    0    0    0    0    0    0    0    0    0    0    0    0    0    0    0    0    0    0    0    0    0   18
   18    0    0    0    0    0    0    0   58    0    0    0    0    0    0    0    0    0    0    0    0    0    0    0    0    0    0    0    0    0    0    0    0    0    0    0    0    0   58    0    0    0    0    0    0    0    0    0    0    0    0    0    0    0    0    0    0    0    0    0    0    0    0   18
   18    0    0    0    0    0    0    0    0    0    0    0    0    0    0    0    0    0    0    0    0    0    0    0    0    0    0    0    0    0    0    0    0    0    0    0    0    0   58    0    0    0    0    0    0    0    0    0    0    0    0    0    0    0   58    0    0    0    0    0    0    0    0   18
   18    0    0    0    0    0    0    0    0    0    0    0    0    0    0    0    0    0    0    0    0    0    0    0    0    0    0    0    0    0    0    0    0    0    0    0    0    0   58    0    0    0    0    0    0    0    0    0    0    0    0    0    0    0   58    0    0    0    0    0    0    0    0   18
   18    0    0    0    0    0    0    0    0    0    0    0    0    0    0    0    0    0    0    0    0    0    0    0    0    0    0    0    0    0    0    0    0    0    0    0    0    0    0    0    0    0    0    0    0    0    0    0    0    0    0    0    0    0   58    0    0    0    0    0    0    0    0   18
   18    0    0    0    0    0    0    0    0    0    0    0    0    0    0    0    0    0    0    0    0    0    0    0    0    0    0    0    0    0    0    0    0    0    0    0    0    0    0    0    0    0    0    0    0    0    0    0    0    0    0    0    0    0   58    0    0    0    0    0    0    0    0   18
   18    0    0    0    0    0    0    0    0    0    0    0    0    0    0    0    0    0    0    0    0    0    0    0    0    0    0    0    0    0    0    0    0    0    0    0    0    0    0    0    0    0    0    0    0    0    0    0    0    0    0    0    0    0    0    0    0    0    0    0    0    0    0   18
   18    0    0    0    0    0    0    0    0    0    0    0    0    0    0    0    0    0    0    0    0    0    0    0    0    0    0    0    0    0    0    0    0    0    0    0    0    0    0    0    0    0    0    0    0    0    0    0    0    0    0    0    0    0    0    0    0    0    0    0    0    0    0   18
   18    0    0    0    0    0    0    0    0    0    0    0    0    0    0    0    0    0    0    0    0    0    0    0    0    0    0    0    0    0    0    0    0    0    0    0    0    0    0    0    0    0    0    0    0    0    0    0    0    0    0    0    0    0    0    0    0    0    0    0    0    0    0   18
   18   18   18   18   18   18   18   18   18   18   18   18   18   18   18   18   18   18   18   18   18   18   18   18   18   18   18   18   18   18   18   18   18   18   18   18   18   18   18   18   18   18   18   18   18   18   18   18   18   18   18   18   18   18   18   18   18   18   18   18   18   18   18   18
