Texture		Texture/tilemap.bmp
TileWidth	32
TileMaxX	20
TileMaxY	24
TileNumX	64
TileNumY	64
   18   18   18   18   18   18   18   18   18   18   18   18   18   18   18   18   18   18   18   18   18   18   18   18   18   18   18   18   18   18   18   18   18   18   18   18   18   18   18   18   18   18   18   18   18   18   18   18   18   18   18   18   18   18   18   18   18   18   18   18   18   18   18   18
   18    0    0    0    0    0    0    0    0    0    0    0    0    0    0    0    0    0    0    0    0    0    0    0    0    0    0    0    0    0    0    0    0    0    0    0    0    0    0    0    0    0    0    0    0    0    0    0    0    0    0    0    0    0    0    0    0    0    0    0    0    0    0   18
   18    0    0    0    0    0    0    0    0    0    0    0    0    0    0    0    0    0    0    0    0    0    0    0    0    0    0    0    0    0    0    0    0    0    0    0    0    0    0    0    0    0    0    0    0    0    0    0    0    0    0    0    0    0    0    0    0    0    0    0    0    0    0   18
   18    0    0    0    0    0    0    0    0    0    0    0    0    0    0    0    0    0    0    0    0    0    0    0    0    0    0    0    0    0    0    0    0    0    0    0    0    0    0    0    0    0    0    0    0    0    0    0    0    0    0    0    0    0    0    0    0    0    0    0    0    0    0   18
   18    0    0    0    0    0    0    0    0    0    0    0    0    0    0    0    0    0    0    0    0    0    0    0    0    0    0    0    0    0    0    0    0    0    0    0    0    0    0    0    0    0    0    0    0    0    0    0    0    0    0    0    0    0    0    0    0    0    0    0    0    0    0   18
   18    0    0    0    0    0    0    0    0    0    0    0    0    0    0    0    0    0    0    0    0    0    0    0    0    0    0    0    0    0    0    0    0    0    0    0    0    0    0    0    0    0    0    0    0    0    0    0    0    0    0    0    0    0   58   58   58   58   58    0    0    0    0   18
   18    0    0    0    0    0    0    0    0    0    0    0    0    0    0    0    0    0    0    0    0    0    0    0    0    0    0    0    0    0    0    0    0    0    0    0    0    0    0    0    0    0    0    0    0    0    0    0    0    0    0    0    0    0   58    0    0    0    0    0    0    0    0   18
   18    0    0    0    0    0    0  195  196  196  196  196  196  196  196  196  196  196  196  196  196  196  196  196  197    0    0  195  196  196  196  196  196  196  197    0    0    0    0    0    0    0    0    0    0    0    0    0    0    0    0   58    0    0    0    0    0    0    0    0    0    0    0   18
   18    0    0    0    0    0    0  215  153  153  153  153  153  216  216  216  216  216  216  216  216  216  216  216  217    0    0  215  153  153  153  153  153  216  217    0    0    0    0    0    0    0    0    0    0    0    0    0    0    0    0   58    0    0    0    0    0    0    0    0    0    0    0   18
   18    0    0    0    0    0    0  215  216  216  216  216  216  216  216  216  216  216  216  216  216  216  216  216  217    0    0  215  216  216  216  216  216  216  217    0    0    0    0    0    0    0    0    0    0    0    0    0    0    0    0   58    0    0    0    0    0    0    0    0    0    0    0   18
   18    0    0    0    0    0    0  215  216  216  216  216  216  216  216  216  216  216  216  216  216  216  216  216  217    0    0  215  216  216  216  216  216  216  217    0    0    0    0    0    0   58    0    0    0    0    0    0    0    0    0   58    0    0    0    0    0    0    0    0    0    0    0   18
   18    0    0    0    0    0    0  215  216  216  216  216  216  216  216  216  216  216  216  216  216  216  216  216  217    0    0  215  216  216  216  216  216  216  217    0    0    0    0    0    0   58    0    0    0    0    0    0    0    0    0   58    0    0    0    0    0    0    0    0    0    0    0   18
   18    0    0    0    0    0    0  215  216  216  216  216  216  216  216  216  216  216  216  216  216  216  216  216  217    0    0  215  216  216  216  216  216  216  217    0    0    0    0    0    0   58    0    0    0    0    0    0    0    0    0   58    0    0    0    0    0    0    0    0    0    0    0   18
   18    0    0    0    0    0    0  215  216  216  216  216  216  216  216  216  216  216  216  216  216  216  216  216  217    0    0  235  236  236  236  236  236  236  237    0    0    0    0    0    0    0   58   58    0    0    0    0    0    0    0   58    0    0    0    0    0    0    0    0    0    0    0   18
   18    0    0    0    0    0    0  215  216  216  216  216  216  216  216  216  216  216  216  216  216  216  216  216  217    0    0    0    0    0    0    0    0    0    0    0    0    0    0    0    0    0    0   58    0    0    0    0    0    0    0    0    0    0    0    0    0    0    0    0    0    0    0   18
   18    0    0    0    0    0    0  215  216  216  216  216  216  216  216  216  216  216  216  216  216  216  216  216  217    0    0    0    0    0    0    0    0    0    0    0    0    0    0    0    0    0    0    0    0   58    0    0    0    0    0    0    0    0    0    0    0    0    0    0    0    0    0   18
   18    0    0    0    0    0    0  215  216  216  216  216  216  216  216  216  216  216  216  216  216  216  216  216  217    0    0    0    0    0    0    0    0    0    0    0    0    0    0    0    0    0    0    0    0   58    0    0    0    0    0    0    0    0    0    0    0    0    0    0    0    0    0   18
   18    0    0    0    0    0    0  215  216  216  216  216  216  216  216  216  216  216  216  216  216  216  216  216  217    0    0    0    0    0    0  101    0    0    0    0    0    0    0    0    0    0    0    0    0   58    0    0    0    0    0    0    0    0    0    0    0    0    0    0    0    0    0   18
   18    0    0    0    0    0    0  215  216  216  216  216  216  216  216  216  216  216  216  216  216  216  216  216  217    0    0    0    0    0    0  101    0    0    0    0    0    0    0    0    0    0    0    0    0   58    0    0    0    0    0    0    0    0    0    0    0    0    0    0    0    0    0   18
   18    0    0    0    0    0    0  215  216  216  216  216  216  216  216  216  216  216  216  216  216  216  216  216  217    0    0    0    0    0    0  101    0    0    0    0    0    0    0    0    0    0    0    0    0   58    0    0    0    0    0    0    0    0    0    0    0    0    0    0    0    0    0   18
   18    0    0    0    0    0    0  235  236  236  236  236  236  236  236  236  236  236  236  236  236  236  236  236  237    0    0    0    0    0    0  101    0    0    0    0    0    0    0    0    0    0    0    0   58   58    0    0    0    0   58   58   58   58   58   58   58   58    0    0    0    0    0   18
   18    0    0    0    0    0    0    0    0    0    0    0    0    0    0    0    0    0    0    0    0    0    0    0    0    0    0    0    0    0    0  101    0    0    0    0    0    0    0    0    0    0    0    0   58    0    0    0    0    0    0    0    0    0    0    0    0    0    0    0    0    0    0   18
   18    0    0    0    0    0    0    0    0    0    0    0    0    0    0    0    0    0    0    0    0    0    0    0    0    0    0    0    0    0    0  101    0    0    0  101    0    0    0    0    0    0    0   58   58    0    0    0    0    0    0    0    0    0    0    0    0    0    0    0    0    0    0   18
   18    0    0    0    0    0    0    0    0    0    0    0    0    0    0    0    0    0    0    0    0    0    0    0    0    0    0    0    0    0    0  101    0    0    0  101    0    0    0    0    0    0    0   58    0    0    0    0    0    0    0    0    0    0    0    0    0    0    0    0    0    0    0   18
   18    0    0    0    0  123  124  125  123  124  125    0    0   80   81   82   80   81   82   80   81   82    0    0    0  101    0    0    0    0    0  101    0    0    0  101    0    0    0    0    0    0    0   58    0    0    0    0    0    0    0    0    0    0    0    0    0    0    0    0    0    0    0   18
   18    0    0    0    0  143  144  145  143  144  145    0    0  100  101  102  100  101  102  100  101  102    0    0    0  101    0    0    0    0    0    0    0    0    0  101    0    0    0    0    0    0    0   58    0    0    0    0    0    0    0    0    0    0    0    0    0    0    0    0    0    0    0   18
   18    0    0    0    0  163  164  165  163  164  165    0    0   80   81   82   80   81   82   80   81   82    0    0    0  101    0    0    0    0    0    0    0    0    0  101    0    0    0    0    0    0    0    0    0    0    0   58   58   58   58   58   58   58   58   58    0    0    0    0    0    0    0   18
   18    0    0    0    0  123  124  125  123  124  125    0    0  100  101  102  100  101  102  100  101  102    0    0    0  101    0    0    0    0    0    0    0    0    0  101    0    0    0    0    0    0    0    0    0    0    0    0    0    0    0    0    0    0    0    0    0    0    0    0    0    0    0   18
   18    0    0    0    0  143  144  145  143  144  145    0    0   80   81   82   80   81   82   80   81   82    0    0    0  101    0    0    0    0    0    0    0    0    0  101    0    0    0    0    0    0    0    0    0    0    0    0    0    0    0    0    0    0    0    0    0    0    0    0    0    0    0   18
   18    0    0    0    0  163  164  165  163  164  165    0    0  100  101  102  100  101  102  100  101  102    0    0    0  101  101  101  101  101  101  101  101  101  101  101    0    0    0    0    0    0    0    0    0    0    0    0    0    0    0    0    0    0    0    0    0    0    0    0    0    0    0   18
   18    0    0    0    0    0    0    0    0    0    0    0    0    0    0    0    0    0    0    0    0    0    0    0    0    0    0    0    0    0    0    0    0    0    0    0    0    0    0    0    0    0    0    0    0    0    0    0    0    0    0    0    0    0    0    0    0    0    0    0    0    0    0   18
   18    0    0    0    0    0    0    0    0    0    0    0    0    0    0    0    0    0    0    0    0    0    0    0    0    0    0    0    0    0    0    0    0    0    0    0    0    0    0    0    0    0    0    0    0    0    0    0    0    0    0    0    0    0    0    0    0    0    0    0    0    0    0   18
   18    0    0    0    0    0    0    0    0    0    0    0    0    0    0    0    0    0    0    0    0    0    0    0    0    0    0    0    0    0    0    0    0    0    0    0    0    0    0    0    0    0    0    0    0    0    0    0    0    0    0    0    0    0    0    0    0    0    0    0    0    0    0   18
   18    0    0    0    0    0    0    0   81   81   81   81   81   81   81   81   81   81   81   81   81   81   81   81   81   81   81    0    0    0    0   81   81   81   81   81   81   81    0    0    0    0    0    0    0    0    0    0    0    0    0    0    0    0    0    0    0    0    0    0    0    0    0   18
   18    0    0    0    0    0    0    0   58    0    0    0    0    0    0    0    0    0    0    0    0    0    0    0    0    0    0    0    0    0    0    0    0    0    0    0    0    0    0    0    0    0    0    0    0    0    0    0    0    0    0    0    0    0    0    0    0    0    0    0    0    0    0   18
   18    0    0    0    0    0    0    0   58    0    0    0    0    0    0    0    0    0    0    0    0    0    0    0    0    0    0    0    0    0    0    0    0    0    0    0    0    0    0    0    0    0    0    0    0    0    0    0    0    0    0    0    0    0    0    0    0    0    0    0    0    0    0   18
   18    0    0    0    0    0    0    0   58    0    0    0    0    0    0    0    0    0    0    0    0    0    0    0    0    0    0    0    0    0    0    0    0    0    0    0    0    0    0    0    0    0    0    0    0    0    0    0    0    0    0    0    0    0    0    0    0    0    0    0    0    0    0   18
   18    0    0    0    0    0    0    0   58    0    0    0    0    0    0    0    0    0    0    0    0    0    0    0    0    0    0    0    0    0    0    0    0    0    0    0    0    0    0    0    0    0    0    0    0    0    0    0    0    0    0    0    0    0    0    0    0    0    0    0    0    0    0   18
   18    0    0    0    0    0    0    0   58    0    0    0    0    0    0    0    0    0    0    0    0    0    0    0    0    0    0    0    0    0    0    0    0    0    0    0    0    0    0    0    0    0    0    0    0    0    0    0    0    0    0    0    0    0    0    0    0    0    0    0    0    0    0   18
   18    0    0    0    0    0    0    0   58    0    0    0    0    0    0    0    0    0    0    0    0    0    0    0    0    0    0    0    0    0    0    0    0    0    0    0    0    0    0    0    0    0    0    0    0    0    0    0    0    0    0    0    0    0    0    0    0    0    0    0    0    0    0   18
   18    0    0    0    0    0    0    0   58    0    0    0    0    0    0    0    0    0    0    0    0    0    0    0    0    0    0    0    0    0    0    0    0    0    0    0    0    0    0    0    0    0    0    0    0    0    0    0    0    0    0    0    0    0    0    0   58    0    0    0    0    0    0   18
   18    0    0    0    0    0    0    0   58    0    0    0    0    0    0    0    0    0    0    0    0    0    0    0    0    0    0    0    0    0    0    0    0    0    0    0    0    0    0    0    0    0    0    0    0    0    0    0    0    0    0    0    0    0    0    0   58    0    0    0    0    0    0   18
   18    0    0    0    0    0    0    0   58    0    0    0    0    0    0    0    0    0    0    0    0    0    0    0    0    0    0    0    0    0    0    0    0    0    0    0    0    0    0    0    0    0    0    0    0    0    0    0    0    0    0    0    0    0    0    0   58    0    0    0    0    0    0   18
   18    0    0    0    0    0    0    0   58    0    0    0    0    0    0   58   58   58   58   58   58   58   58   58   58   58   58    0    0    0    0    0    0    0    0    0    0    0    0    0    0    0    0    0    0    0    0    0    0    0    0    0    0    0    0    0   58    0    0    0    0    0    0   18
   18    0    0    0    0    0    0    0   58    0    0    0    0    0    0   58    0    0    0    0    0    0    0    0    0    0    0    0    0    0    0    0    0    0    0    0    0    0    0    0    0    0    0    0    0    0    0    0    0    0    0    0    0    0    0    0   58    0    0    0    0    0    0   18
   18    0    0    0    0    0    0    0    0    0    0    0    0    0    0   58    0    0    0    0    0    0    0    0    0    0    0    0    0    0    0    0    0    0    0    0    0    0    0    0    0    0    0    0    0    0    0    0    0    0    0    0    0    0    0    0   58    0    0    0    0    0    0   18
   18    0    0    0    0    0    0    0    0    0    0    0    0    0    0   58    0    0    0    0    0    0    0    0    0    0    0    0    0    0    0    0    0    0    0    0    0    0   58    0    0    0    0    0    0    0    0    0    0    0    0    0    0    0    0    0   58    0    0    0    0    0    0   18
   18    0    0    0    0    0    0    0    0    0    0    0    0    0    0   58    0    0    0    0    0    0    0    0    0    0    0    0    0    0    0    0    0    0    0    0    0    0   58    0    0    0    0    0    0    0    0    0    0    0    0    0    0    0    0    0    0    0    0    0    0    0    0   18
   18    0    0    0    0    0    0    0    0    0    0    0    0    0    0   58    0    0    0    0    0    0   58    0    0    0    0    0    0    0    0    0    0    0    0    0    0    0   58    0    0    0    0    0    0    0    0    0    0    0    0    0    0    0    0    0    0    0    0    0    0    0    0   18
   18    0    0    0    0    0    0    0   58    0    0    0    0    0    0   58    0    0    0    0    0    0   58    0    0    0    0    0    0    0    0    0    0    0    0    0    0    0   58   58    0    0    0    0    0    0    0    0    0    0    0    0    0    0    0    0    0    0    0    0    0    0    0   18
   18    0    0    0    0    0    0    0   58    0    0    0    0    0    0   58    0    0    0    0    0    0   58    0    0    0    0    0    0    0    0    0    0    0    0    0    0    0    0   58    0    0    0    0    0    0    0    0    0    0    0    0    0    0    0    0    0    0    0    0    0    0    0   18
   18    0    0    0    0    0    0    0   58    0    0    0    0    0    0   58    0    0    0    0    0    0   58    0    0    0    0    0    0    0    0    0    0    0    0    0    0    0    0   58   58   58   58   58   58   58   58    0    0    0    0    0    0    0    0    0    0    0    0    0    0    0    0   18
   18    0    0    0    0    0    0    0   58    0    0    0    0    0    0    0    0    0    0    0    0    0   58    0    0    0    0    0    0    0    0    0    0    0    0    0    0    0    0   58    0    0    0    0    0    0   58   58   58   58   58   58   58   58   58   58   58   58    0    0    0    0    0   18
   18    0    0    0    0    0    0    0   58    0    0    0    0    0    0    0    0    0    0    0    0    0   58   58   58   58   58   58   58   58   58   58    0    0    0    0    0    0    0   58    0    0    0    0    0    0    0    0    0    0    0    0    0    0    0    0    0    0    0    0    0    0    0   18
   18    0    0    0    0    0    0    0   58    0    0    0    0    0    0    0    0    0    0    0    0    0    0    0    0    0    0    0    0    0    0    0    0    0    0    0    0    0   58   58    0    0    0    0    0    0    0    0    0    0    0    0    0    0    0    0    0    0    0    0    0    0    0   18
   18    0    0    0    0    0    0    0   58    0    0    0    0    0    0    0    0    0    0    0    0    0    0    0    0    0    0    0    0    0    0    0    0    0    0    0    0    0   58    0    0    0    0    0    0    0    0    0    0    0    0    0    0    0    0    0    0    0    0    0    0    0    0   18
   18    0    0    0    0    0    0    0    0    0    0    0    0    0    0    0    0    0    0    0    0    0    0    0    0    0    0    0    0    0    0    0    0    0    0    0    0    0   58    0    0    0    0    0    0    0    0    0    0    0    0    0    0    0   58    0    0    0    0    0    0    0    0   18
   18    0    0    0    0    0    0    0    0    0    0    0    0    0    0    0    0    0    0    0    0    0    0    0    0    0    0    0    0    0    0    0    0    0    0    0    0    0   58    0    0    0    0    0    0    0    0    0    0    0    0    0    0    0   58    0    0    0    0    0    0    0    0   18
   18    0    0    0    0    0    0    0    0    0    0    0    0    0    0    0    0    0    0    0    0    0    0    0    0    0    0    0    0    0    0    0    0    0    0    0    0    0    0    0    0    0    0    0    0    0    0    0    0    0    0    0    0    0   58    0    0    0    0    0    0    0    0   18
   18    0    0    0    0    0    0    0    0    0    0    0    0    0    0    0    0    0    0    0    0    0    0    0    0    0    0    0    0    0    0    0    0    0    0    0    0    0    0    0    0    0    0    0    0    0    0    0    0    0    0    0    0    0   58    0    0    0    0    0    0    0    0   18
   18    0    0    0    0    0    0    0    0    0    0    0    0    0    0    0    0    0    0    0    0    0    0    0    0    0    0    0    0    0    0    0    0    0    0    0    0    0    0    0    0    0    0    0    0    0    0    0    0    0    0    0    0    0    0    0    0    0    0    0    0    0    0   18
   18    0    0    0    0    0    0    0    0    0    0    0    0    0    0    0    0    0    0    0    0    0    0    0    0    0    0    0    0    0    0    0    0    0    0    0    0    0    0    0    0    0    0    0    0    0    0    0    0    0    0    0    0    0    0    0    0    0    0    0    0    0    0   18
   18    0    0    0    0    0    0    0    0    0    0    0    0    0    0    0    0    0    0    0    0    0    0    0    0    0    0    0    0    0    0    0    0    0    0    0    0    0    0    0    0    0    0    0    0    0    0    0    0    0    0    0    0    0    0    0    0    0    0    0    0    0    0   18
   18   18   18   18   18   18   18   18   18   18   18   18   18   18   18   18   18   18   18   18   18   18   18   18   18   18   18   18   18   18   18   18   18   18   18   18   18   18   18   18   18   18   18   18   18   18   18   18   18   18   18   18   18   18   18   18   18   18   18   18   18   18   18   18
